Materials: 3
"sphere"
1.000000 0.945098 0.584314 1.000000
1.000000 0.945098 0.584314 1.000000
0.898039 0.898039 0.898039 1.000000
0.000000 0.000000 0.000000 1.000000
12.799999
1.000000
"sphere gold.png"
""
"2 - Default"
1.000000 0.592157 0.592157 1.000000
1.000000 0.592157 0.592157 1.000000
0.898039 0.898039 0.898039 1.000000
0.000000 0.000000 0.000000 1.000000
12.799999
1.000000
"WOOD.PNG"
""
"3 - Default"
0.588235 0.588235 0.588235 1.000000
0.588235 0.588235 0.588235 1.000000
0.898039 0.898039 0.898039 1.000000
0.000000 0.000000 0.000000 1.000000
12.799999
1.000000
"YOU_ROCK.PNG"
""
