// MilkShape 3D ASCII

Frames: 30
Frame: 1

Meshes: 4
"Box03" 1 0
16
1 -34.078053 66.258469 -20.000000 0.149393 0.999500 -1
1 -34.078091 -123.258453 -20.000000 0.850607 0.999500 -1
1 -60.000019 -163.499985 -13.315000 0.999500 0.945983 -1
1 -59.999973 106.500008 -13.314997 0.000500 0.945983 -1
1 -59.999973 106.500008 13.315010 0.000500 0.054017 -1
1 -60.000019 -163.499985 13.315002 0.999500 0.054017 -1
1 -34.078091 -123.258453 20.000000 0.850607 0.000499 -1
1 -34.078056 66.258469 20.000000 0.149393 0.000499 -1
1 34.078064 -123.258469 -20.000000 0.850607 0.999501 -1
1 59.999981 -163.500015 -13.315005 0.999500 0.945983 -1
1 59.999981 -163.500015 13.314999 0.999500 0.054017 -1
1 34.078060 -123.258469 20.000000 0.850607 0.000500 -1
1 34.078098 66.258453 -20.000000 0.149393 0.999501 -1
1 60.000027 106.499992 -13.315002 0.000500 0.945983 -1
1 60.000027 106.499992 13.315002 0.000500 0.054017 -1
1 34.078098 66.258453 20.000000 0.149393 0.000500 -1
34
-0.249719 0.000000 -0.968318
-0.249719 0.000000 -0.968318
-0.790481 0.000000 -0.612487
-0.790481 0.000000 -0.612487
-0.790481 0.000000 0.612487
-0.790481 0.000000 0.612487
-0.249719 0.000000 0.968318
-0.249719 0.000000 0.968318
-0.000000 -0.163876 -0.986481
-0.000000 -0.163876 -0.986481
-0.000000 -0.558318 -0.829627
-0.000000 -0.909906 -0.414814
-0.000000 -0.909906 0.414814
-0.000000 -0.558318 0.829627
-0.000000 -0.163876 0.986481
-0.000000 -0.163876 0.986481
0.249719 -0.000000 -0.968318
0.249719 -0.000000 -0.968318
0.612200 -0.000000 -0.790703
0.918530 -0.000000 -0.395351
0.790481 -0.000000 0.612487
0.790481 -0.000000 0.612487
0.249719 -0.000000 0.968318
0.249719 -0.000000 0.968318
0.000000 0.163876 -0.986481
0.000000 0.163876 -0.986481
0.000000 0.558318 -0.829627
0.000000 0.909906 -0.414814
0.000000 0.909906 0.414814
0.000000 0.558318 0.829627
0.000000 0.163876 0.986481
0.000000 0.163876 0.986481
0.000000 0.000000 1.000000
0.000000 0.000000 -1.000000
28
1 0 1 2 0 1 2 4
1 2 3 0 2 3 0 4
1 3 2 4 3 2 4 4
1 5 4 2 5 4 2 4
1 4 5 6 4 5 6 4
1 6 7 4 6 7 4 4
1 1 8 9 8 9 10 5
1 9 2 1 10 11 8 5
1 2 9 10 11 10 12 5
1 10 5 2 12 13 11 5
1 5 10 11 13 12 14 5
1 11 6 5 14 15 13 5
1 8 12 9 16 17 18 6
1 13 9 12 19 18 17 6
1 9 13 10 18 19 20 6
1 14 10 13 21 20 19 6
1 10 14 15 20 21 22 6
1 15 11 10 22 23 20 6
1 12 0 3 24 25 26 7
1 3 13 12 26 27 24 7
1 13 3 4 27 26 28 7
1 4 14 13 28 29 27 7
1 14 4 7 29 28 30 7
1 7 15 14 30 31 29 7
1 7 6 15 32 32 32 2
1 11 15 6 32 32 32 2
1 8 1 0 33 33 33 3
1 0 12 8 33 33 33 3
"Box04" 0 1
16
0 -28.121920 166.500000 -10.000000 0.000500 0.968230 -1
0 28.121908 166.500000 -10.000000 0.000500 0.031770 -1
0 28.121899 106.499992 -10.000000 0.999500 0.031770 -1
0 -28.121927 106.500008 -10.000000 0.999500 0.968230 -1
0 -28.121929 106.500008 10.000000 0.999500 0.968230 -1
0 28.121906 166.500000 10.000000 0.000500 0.031770 -1
0 -28.121920 166.500000 10.000000 0.000500 0.968230 -1
0 28.121899 106.499992 10.000000 0.999500 0.031770 -1
0 -30.000013 106.500008 -8.785131 0.999500 0.999501 -1
0 -30.000006 166.500000 -8.785131 0.000500 0.999500 -1
0 -30.000015 106.500008 8.785135 0.999500 0.999501 -1
0 -30.000008 166.500000 8.785135 0.000500 0.999500 -1
0 29.999987 106.499992 -8.785135 0.999501 0.000500 -1
0 29.999985 106.499992 8.785131 0.999501 0.000500 -1
0 29.999994 166.500000 -8.785135 0.000500 0.000499 -1
0 29.999992 166.500000 8.785131 0.000500 0.000499 -1
21
0.000000 0.000000 -1.000000
0.000000 0.000000 1.000000
-0.543137 0.000000 -0.839644
-0.778995 0.000000 -0.627030
-0.949583 0.000000 -0.313515
-0.949583 0.000000 0.313516
-0.778994 0.000000 0.627031
-0.543135 0.000000 0.839645
-0.543135 0.000000 0.839645
0.000000 -1.000000 0.000000
-0.000000 -1.000000 -0.000000
-0.000000 -1.000000 -0.000000
-0.000000 -1.000000 0.000000
0.543135 -0.000000 -0.839645
0.543135 -0.000000 -0.839645
0.778994 -0.000000 -0.627031
0.949583 -0.000000 -0.313516
0.949583 -0.000000 0.313515
0.778995 -0.000000 0.627031
0.543137 -0.000000 0.839644
0.000000 1.000000 0.000000
28
0 0 1 2 0 0 0 3
0 2 3 0 0 0 0 3
0 4 5 6 1 1 1 2
0 5 4 7 1 1 1 2
0 0 3 8 2 2 3 4
0 8 9 0 3 4 2 4
0 9 8 10 4 3 5 4
0 10 11 9 5 6 4 4
0 11 10 4 6 5 7 4
0 4 6 11 7 8 6 4
0 8 3 4 9 10 11 5
0 4 10 8 11 9 9 5
0 2 4 3 11 11 10 5
0 2 12 13 11 9 9 5
0 2 13 7 11 9 12 5
0 7 4 2 12 11 11 5
0 2 1 14 13 14 15 6
0 14 12 2 15 16 13 6
0 12 14 15 16 15 17 6
0 15 13 12 17 18 16 6
0 13 15 5 18 17 19 6
0 5 7 13 19 19 18 6
0 14 1 5 20 20 20 7
0 5 15 14 20 20 20 7
0 0 5 1 20 20 20 7
0 0 9 11 20 20 20 7
0 5 0 6 20 20 20 7
0 0 11 6 20 20 20 7
"label top0" 0 2
4
0 -34.078056 66.258469 20.000000 0.000500 0.999500 -1
0 -34.078091 -123.258453 20.000000 0.999500 0.999500 -1
0 34.078098 66.258453 20.000000 0.000500 0.000500 -1
0 34.078060 -123.258469 20.000000 0.999501 0.000500 -1
1
0.000000 0.000000 1.000000
2
0 0 1 2 0 0 0 2
0 3 2 1 0 0 0 2
"label bott" 0 3
4
0 -34.078053 66.258469 -20.000000 0.999501 0.999500 -1
0 34.078098 66.258453 -20.000000 0.999500 0.000500 -1
0 34.078064 -123.258469 -20.000000 0.000499 0.000500 -1
0 -34.078091 -123.258453 -20.000000 0.000500 0.999500 -1
1
0.000000 0.000000 -1.000000
2
0 0 1 2 0 0 0 3
0 2 3 0 0 0 0 3

Materials: 4
"body"
0.2 0.2 0.2 1.000000
0.5 0.5 0.5 1.000000
0.7 0.7 0.7 1.000000
0.000000 0.000000 0.000000 1.000000
34.000000
1.000000
"body.PNG"
"body sphere add.png"
"plug"
0.4 0.4 0.4 1.000000
0.5 0.5 0.5 1.000000
0.4 0.4 0.4 1.000000
0.000000 0.000000 0.000000 1.000000
34.000000
1.000000
"PLUG.PNG"
"plug sphere add.png"
"top label"
0.2 0.2 0.2 1.000000
0.4 0.4 0.4 1.000000
0.6 0.6 0.6 1.000000
0.000000 0.000000 0.000000 1.000000
0.100000
1.000000
"TOP LABEl (nomipmaps).PNG"
"label sphere add.png"
"bottom label"
0.1 0.1 0.1 1.000000
0.3 0.3 0.3 1.000000
0.4 0.4 0.4 1.000000
0.000000 0.000000 0.000000 1.000000
0.100000
1.000000
"BOTTOM Label (nomipmaps).PNG"
"label sphere add.png"

Bones: 0
